#material file

version=0.1
name=qt_colour_241f31ff_ts060_em0100f9f06b_white
diffuse_colour=0.141176 0.121569 0.192157 1
texture_scale=0.6
emissive_colour=0.976471 0.941176 0.419608
emissive_intensity=1
diffuse_map_name=white
